(kicad_pcb (version 20171130) (host pcbnew 5.0.1)

  (general
    (thickness 1.6)
    (drawings 29)
    (tracks 264)
    (zones 0)
    (modules 30)
    (nets 27)
  )

  (page A4)
  (layers
    (0 F.Cu signal)
    (31 B.Cu signal)
    (32 B.Adhes user hide)
    (33 F.Adhes user)
    (34 B.Paste user)
    (35 F.Paste user hide)
    (36 B.SilkS user)
    (37 F.SilkS user)
    (38 B.Mask user)
    (39 F.Mask user hide)
    (40 Dwgs.User user hide)
    (41 Cmts.User user)
    (42 Eco1.User user)
    (43 Eco2.User user)
    (44 Edge.Cuts user)
    (45 Margin user)
    (46 B.CrtYd user hide)
    (47 F.CrtYd user hide)
    (48 B.Fab user hide)
    (49 F.Fab user hide)
  )

  (setup
    (last_trace_width 0.25)
    (trace_clearance 0.2)
    (zone_clearance 0.508)
    (zone_45_only no)
    (trace_min 0.2)
    (segment_width 0.2)
    (edge_width 0.15)
    (via_size 0.6)
    (via_drill 0.4)
    (via_min_size 0.2)
    (via_min_drill 0.3)
    (uvia_size 0.3)
    (uvia_drill 0.1)
    (uvias_allowed no)
    (uvia_min_size 0.2)
    (uvia_min_drill 0.1)
    (pcb_text_width 0.3)
    (pcb_text_size 1.5 1.5)
    (mod_edge_width 0.15)
    (mod_text_size 1 1)
    (mod_text_width 0.15)
    (pad_size 1.19888 1.09982)
    (pad_drill 0)
    (pad_to_mask_clearance 0.2)
    (solder_mask_min_width 0.25)
    (aux_axis_origin 132.367 116.362)
    (visible_elements FFFFFF7B)
    (pcbplotparams
      (layerselection 0x310f0_80000001)
      (usegerberextensions true)
      (usegerberattributes false)
      (usegerberadvancedattributes false)
      (creategerberjobfile false)
      (excludeedgelayer true)
      (linewidth 0.100000)
      (plotframeref false)
      (viasonmask false)
      (mode 1)
      (useauxorigin false)
      (hpglpennumber 1)
      (hpglpenspeed 20)
      (hpglpendiameter 15.000000)
      (psnegative false)
      (psa4output false)
      (plotreference true)
      (plotvalue false)
      (plotinvisibletext false)
      (padsonsilk false)
      (subtractmaskfromsilk false)
      (outputformat 1)
      (mirror false)
      (drillshape 0)
      (scaleselection 1)
      (outputdirectory "../Gerber/"))
  )

  (net 0 "")
  (net 1 GND)
  (net 2 "Net-(D1-Pad1)")
  (net 3 /D-)
  (net 4 /D+)
  (net 5 /CH_PD)
  (net 6 /GPIO15)
  (net 7 /GPIO2)
  (net 8 /GPIO0)
  (net 9 /RXD)
  (net 10 /TXD)
  (net 11 +5V)
  (net 12 +3V3)
  (net 13 /GPIO16)
  (net 14 /GPIO13)
  (net 15 /GPIO12)
  (net 16 /GPIO14)
  (net 17 /ADC)
  (net 18 /GPIO5)
  (net 19 /GPIO4)
  (net 20 "Net-(C7-Pad2)")
  (net 21 /XI)
  (net 22 /XO)
  (net 23 "Net-(C3-Pad1)")
  (net 24 "Net-(C8-Pad1)")
  (net 25 "Net-(R3-Pad1)")
  (net 26 "Net-(R1-Pad1)")

  (net_class Default "This is the default net class."
    (clearance 0.2)
    (trace_width 0.25)
    (via_dia 0.6)
    (via_drill 0.4)
    (uvia_dia 0.3)
    (uvia_drill 0.1)
    (add_net +3V3)
    (add_net +5V)
    (add_net /ADC)
    (add_net /CH_PD)
    (add_net /D+)
    (add_net /D-)
    (add_net /GPIO0)
    (add_net /GPIO12)
    (add_net /GPIO13)
    (add_net /GPIO14)
    (add_net /GPIO15)
    (add_net /GPIO16)
    (add_net /GPIO2)
    (add_net /GPIO4)
    (add_net /GPIO5)
    (add_net /RXD)
    (add_net /TXD)
    (add_net /XI)
    (add_net /XO)
    (add_net GND)
    (add_net "Net-(C3-Pad1)")
    (add_net "Net-(C7-Pad2)")
    (add_net "Net-(C8-Pad1)")
    (add_net "Net-(D1-Pad1)")
    (add_net "Net-(R1-Pad1)")
    (add_net "Net-(R3-Pad1)")
  )

  (module RF_Module:ESP-12E (layer F.Cu) (tedit 5CA4CB06) (tstamp 5C91453C)
    (at 164.084 103.358 270)
    (descr "Wi-Fi Module, http://wiki.ai-thinker.com/_media/esp8266/docs/aithinker_esp_12f_datasheet_en.pdf")
    (tags "Wi-Fi Module")
    (path /59C589B5)
    (attr smd)
    (fp_text reference "" (at -7.092 12.954 270) (layer F.SilkS)
      (effects (font (size 1 1) (thickness 0.15)))
    )
    (fp_text value ESP-12E (at -0.06 -12.78 270) (layer F.Fab)
      (effects (font (size 1 1) (thickness 0.15)))
    )
    (fp_text user Antenna (at -0.06 -7 90) (layer Cmts.User)
      (effects (font (size 1 1) (thickness 0.15)))
    )
    (fp_text user "KEEP-OUT ZONE" (at 0.03 -9.55 90) (layer Cmts.User)
      (effects (font (size 1 1) (thickness 0.15)))
    )
    (fp_text user %R (at 0.49 -0.8 270) (layer F.Fab)
      (effects (font (size 1 1) (thickness 0.15)))
    )
    (fp_line (start -8 -12) (end 8 -12) (layer F.Fab) (width 0.12))
    (fp_line (start 8 -12) (end 8 12) (layer F.Fab) (width 0.12))
    (fp_line (start 8 12) (end -8 12) (layer F.Fab) (width 0.12))
    (fp_line (start -8 12) (end -8 -3) (layer F.Fab) (width 0.12))
    (fp_line (start -8 -3) (end -7.5 -3.5) (layer F.Fab) (width 0.12))
    (fp_line (start -7.5 -3.5) (end -8 -4) (layer F.Fab) (width 0.12))
    (fp_line (start -8 -4) (end -8 -12) (layer F.Fab) (width 0.12))
    (fp_line (start -9.05 -12.2) (end 9.05 -12.2) (layer F.CrtYd) (width 0.05))
    (fp_line (start 9.05 -12.2) (end 9.05 13.1) (layer F.CrtYd) (width 0.05))
    (fp_line (start 9.05 13.1) (end -9.05 13.1) (layer F.CrtYd) (width 0.05))
    (fp_line (start -9.05 13.1) (end -9.05 -12.2) (layer F.CrtYd) (width 0.05))
    (fp_line (start -8.12 -12.12) (end 8.12 -12.12) (layer F.SilkS) (width 0.12))
    (fp_line (start 8.12 -12.12) (end 8.12 -4.5) (layer F.SilkS) (width 0.12))
    (fp_line (start 8.12 11.5) (end 8.12 12.12) (layer F.SilkS) (width 0.12))
    (fp_line (start 8.12 12.12) (end 6 12.12) (layer F.SilkS) (width 0.12))
    (fp_line (start -6 12.12) (end -8.12 12.12) (layer F.SilkS) (width 0.12))
    (fp_line (start -8.12 12.12) (end -8.12 11.5) (layer F.SilkS) (width 0.12))
    (fp_line (start -8.12 -4.5) (end -8.12 -12.12) (layer F.SilkS) (width 0.12))
    (fp_line (start -8.12 -4.5) (end -8.73 -4.5) (layer F.SilkS) (width 0.12))
    (fp_line (start -8.12 -12.12) (end 8.12 -12.12) (layer Dwgs.User) (width 0.12))
    (fp_line (start 8.12 -12.12) (end 8.12 -4.8) (layer Dwgs.User) (width 0.12))
    (fp_line (start 8.12 -4.8) (end -8.12 -4.8) (layer Dwgs.User) (width 0.12))
    (fp_line (start -8.12 -4.8) (end -8.12 -12.12) (layer Dwgs.User) (width 0.12))
    (fp_line (start -8.12 -9.12) (end -5.12 -12.12) (layer Dwgs.User) (width 0.12))
    (fp_line (start -8.12 -6.12) (end -2.12 -12.12) (layer Dwgs.User) (width 0.12))
    (fp_line (start -6.44 -4.8) (end 0.88 -12.12) (layer Dwgs.User) (width 0.12))
    (fp_line (start -3.44 -4.8) (end 3.88 -12.12) (layer Dwgs.User) (width 0.12))
    (fp_line (start -0.44 -4.8) (end 6.88 -12.12) (layer Dwgs.User) (width 0.12))
    (fp_line (start 2.56 -4.8) (end 8.12 -10.36) (layer Dwgs.User) (width 0.12))
    (fp_line (start 5.56 -4.8) (end 8.12 -7.36) (layer Dwgs.User) (width 0.12))
    (pad 1 smd rect (at -7.6 -3.5 270) (size 2.5 1) (layers F.Cu F.Paste F.Mask)
      (net 13 /GPIO16))
    (pad 2 smd rect (at -7.6 -1.5 270) (size 2.5 1) (layers F.Cu F.Paste F.Mask)
      (net 17 /ADC))
    (pad 3 smd rect (at -7.6 0.5 270) (size 2.5 1) (layers F.Cu F.Paste F.Mask)
      (net 5 /CH_PD))
    (pad 4 smd rect (at -7.6 2.5 270) (size 2.5 1) (layers F.Cu F.Paste F.Mask)
      (net 13 /GPIO16))
    (pad 5 smd rect (at -7.6 4.5 270) (size 2.5 1) (layers F.Cu F.Paste F.Mask)
      (net 16 /GPIO14))
    (pad 6 smd rect (at -7.6 6.5 270) (size 2.5 1) (layers F.Cu F.Paste F.Mask)
      (net 15 /GPIO12))
    (pad 7 smd rect (at -7.6 8.5 270) (size 2.5 1) (layers F.Cu F.Paste F.Mask)
      (net 14 /GPIO13))
    (pad 8 smd rect (at -7.6 10.5 270) (size 2.5 1) (layers F.Cu F.Paste F.Mask)
      (net 12 +3V3))
    (pad 15 smd rect (at 7.6 10.5 270) (size 2.5 1) (layers F.Cu F.Paste F.Mask)
      (net 1 GND))
    (pad 16 smd rect (at 7.6 8.5 270) (size 2.5 1) (layers F.Cu F.Paste F.Mask)
      (net 6 /GPIO15))
    (pad 17 smd rect (at 7.6 6.5 270) (size 2.5 1) (layers F.Cu F.Paste F.Mask)
      (net 7 /GPIO2))
    (pad 18 smd rect (at 7.6 4.5 270) (size 2.5 1) (layers F.Cu F.Paste F.Mask)
      (net 8 /GPIO0))
    (pad 19 smd rect (at 7.6 2.5 270) (size 2.5 1) (layers F.Cu F.Paste F.Mask)
      (net 19 /GPIO4))
    (pad 20 smd rect (at 7.6 0.5 270) (size 2.5 1) (layers F.Cu F.Paste F.Mask)
      (net 18 /GPIO5))
    (pad 21 smd rect (at 7.6 -1.5 270) (size 2.5 1) (layers F.Cu F.Paste F.Mask)
      (net 9 /RXD))
    (pad 22 smd rect (at 7.6 -3.5 270) (size 2.5 1) (layers F.Cu F.Paste F.Mask)
      (net 10 /TXD))
    (model ${KISYS3DMOD}/RF_Module.3dshapes/ESP-12E.wrl
      (at (xyz 0 0 0))
      (scale (xyz 1 1 1))
      (rotate (xyz 0 0 0))
    )
  )

  (module custom-cheddar:USB_Micro-B-custom (layer F.Cu) (tedit 5A8FFE8B) (tstamp 5C83354E)
    (at 137.795 92.964 180)
    (descr "Micro USB Type B Receptacle")
    (tags "USB USB_B USB_micro USB_OTG")
    (path /59611B73)
    (attr smd)
    (fp_text reference J1 (at 0 -3.45 180) (layer F.SilkS)
      (effects (font (size 1 1) (thickness 0.15)))
    )
    (fp_text value USB_OTG (at 0 4.8 180) (layer F.Fab)
      (effects (font (size 1 1) (thickness 0.15)))
    )
    (fp_line (start -4.6 -2.8) (end 4.6 -2.8) (layer F.CrtYd) (width 0.05))
    (fp_line (start 4.6 -2.8) (end 4.6 4.05) (layer F.CrtYd) (width 0.05))
    (fp_line (start 4.6 4.05) (end -4.6 4.05) (layer F.CrtYd) (width 0.05))
    (fp_line (start -4.6 4.05) (end -4.6 -2.8) (layer F.CrtYd) (width 0.05))
    (fp_line (start -4.3509 3.81746) (end 4.3491 3.81746) (layer F.SilkS) (width 0.15))
    (fp_line (start -4.3509 -2.58754) (end 4.3491 -2.58754) (layer F.SilkS) (width 0.15))
    (fp_line (start 4.3491 -2.58754) (end 4.3491 3.81746) (layer F.SilkS) (width 0.15))
    (fp_line (start 4.3491 2.58746) (end -4.3509 2.58746) (layer F.SilkS) (width 0.15))
    (fp_line (start -4.3509 3.81746) (end -4.3509 -2.58754) (layer F.SilkS) (width 0.15))
    (pad 1 smd rect (at -1.3009 -1.56254 270) (size 1.35 0.4) (layers F.Cu F.Paste F.Mask)
      (net 11 +5V))
    (pad 2 smd rect (at -0.6509 -1.56254 270) (size 1.35 0.4) (layers F.Cu F.Paste F.Mask)
      (net 3 /D-))
    (pad 3 smd rect (at -0.0009 -1.56254 270) (size 1.35 0.4) (layers F.Cu F.Paste F.Mask)
      (net 4 /D+))
    (pad 4 smd rect (at 0.6491 -1.56254 270) (size 1.35 0.4) (layers F.Cu F.Paste F.Mask))
    (pad 5 smd rect (at 1.2991 -1.56254 270) (size 1.35 0.4) (layers F.Cu F.Paste F.Mask)
      (net 1 GND))
    (pad 6 thru_hole circle (at -2.5009 -1.56254 270) (size 1.2 1.2) (drill 0.85) (layers *.Cu *.Mask)
      (net 1 GND))
    (pad 6 thru_hole circle (at 2.4991 -1.56254 270) (size 1.2 1.2) (drill 0.85) (layers *.Cu *.Mask)
      (net 1 GND))
    (pad 6 thru_hole circle (at -3.302 1.143 270) (size 1.7 1.7) (drill 1.15) (layers *.Cu *.Mask)
      (net 1 GND))
    (pad 6 thru_hole circle (at 3.302 1.143 270) (size 1.7 1.7) (drill 1.15) (layers *.Cu *.Mask)
      (net 1 GND))
  )

  (module Capacitor_SMD:C_1206_3216Metric_Pad1.42x1.75mm_HandSolder (layer B.Cu) (tedit 5CA4CDC0) (tstamp 5CA4DF58)
    (at 139 98.95 90)
    (descr "Capacitor SMD 1206 (3216 Metric), square (rectangular) end terminal, IPC_7351 nominal with elongated pad for handsoldering. (Body size source: http://www.tortai-tech.com/upload/download/2011102023233369053.pdf), generated with kicad-footprint-generator")
    (tags "capacitor handsolder")
    (path /59613F16)
    (attr smd)
    (fp_text reference C1 (at 0 0.1 90) (layer B.SilkS)
      (effects (font (size 0.6 0.6) (thickness 0.08)) (justify mirror))
    )
    (fp_text value 100nF (at 0 -1.82 90) (layer B.Fab)
      (effects (font (size 1 1) (thickness 0.15)) (justify mirror))
    )
    (fp_text user %R (at 0 0 90) (layer B.Fab)
      (effects (font (size 0.8 0.8) (thickness 0.12)) (justify mirror))
    )
    (fp_line (start 2.45 -1.12) (end -2.45 -1.12) (layer B.CrtYd) (width 0.05))
    (fp_line (start 2.45 1.12) (end 2.45 -1.12) (layer B.CrtYd) (width 0.05))
    (fp_line (start -2.45 1.12) (end 2.45 1.12) (layer B.CrtYd) (width 0.05))
    (fp_line (start -2.45 -1.12) (end -2.45 1.12) (layer B.CrtYd) (width 0.05))
    (fp_line (start -0.602064 -0.91) (end 0.602064 -0.91) (layer B.SilkS) (width 0.12))
    (fp_line (start -0.602064 0.91) (end 0.602064 0.91) (layer B.SilkS) (width 0.12))
    (fp_line (start 1.6 -0.8) (end -1.6 -0.8) (layer B.Fab) (width 0.1))
    (fp_line (start 1.6 0.8) (end 1.6 -0.8) (layer B.Fab) (width 0.1))
    (fp_line (start -1.6 0.8) (end 1.6 0.8) (layer B.Fab) (width 0.1))
    (fp_line (start -1.6 -0.8) (end -1.6 0.8) (layer B.Fab) (width 0.1))
    (pad 2 smd roundrect (at 1.4875 0 90) (size 1.425 1.75) (layers B.Cu B.Paste B.Mask) (roundrect_rratio 0.175439)
      (net 11 +5V))
    (pad 1 smd roundrect (at -1.4875 0 90) (size 1.425 1.75) (layers B.Cu B.Paste B.Mask) (roundrect_rratio 0.175439)
      (net 1 GND))
    (model ${KISYS3DMOD}/Capacitor_SMD.3dshapes/C_1206_3216Metric.wrl
      (at (xyz 0 0 0))
      (scale (xyz 1 1 1))
      (rotate (xyz 0 0 0))
    )
  )

  (module Capacitor_SMD:C_1206_3216Metric_Pad1.42x1.75mm_HandSolder (layer B.Cu) (tedit 5CA4CDAB) (tstamp 5CA5A091)
    (at 135.8 98.975 90)
    (descr "Capacitor SMD 1206 (3216 Metric), square (rectangular) end terminal, IPC_7351 nominal with elongated pad for handsoldering. (Body size source: http://www.tortai-tech.com/upload/download/2011102023233369053.pdf), generated with kicad-footprint-generator")
    (tags "capacitor handsolder")
    (path /59614082)
    (attr smd)
    (fp_text reference C2 (at 0 0.1 90) (layer B.SilkS)
      (effects (font (size 0.6 0.6) (thickness 0.08)) (justify mirror))
    )
    (fp_text value 10nF (at 0 -1.82 90) (layer B.Fab)
      (effects (font (size 1 1) (thickness 0.15)) (justify mirror))
    )
    (fp_line (start -1.6 -0.8) (end -1.6 0.8) (layer B.Fab) (width 0.1))
    (fp_line (start -1.6 0.8) (end 1.6 0.8) (layer B.Fab) (width 0.1))
    (fp_line (start 1.6 0.8) (end 1.6 -0.8) (layer B.Fab) (width 0.1))
    (fp_line (start 1.6 -0.8) (end -1.6 -0.8) (layer B.Fab) (width 0.1))
    (fp_line (start -0.602064 0.91) (end 0.602064 0.91) (layer B.SilkS) (width 0.12))
    (fp_line (start -0.602064 -0.91) (end 0.602064 -0.91) (layer B.SilkS) (width 0.12))
    (fp_line (start -2.45 -1.12) (end -2.45 1.12) (layer B.CrtYd) (width 0.05))
    (fp_line (start -2.45 1.12) (end 2.45 1.12) (layer B.CrtYd) (width 0.05))
    (fp_line (start 2.45 1.12) (end 2.45 -1.12) (layer B.CrtYd) (width 0.05))
    (fp_line (start 2.45 -1.12) (end -2.45 -1.12) (layer B.CrtYd) (width 0.05))
    (fp_text user %R (at 0 0 90) (layer B.Fab)
      (effects (font (size 0.8 0.8) (thickness 0.12)) (justify mirror))
    )
    (pad 1 smd roundrect (at -1.4875 0 90) (size 1.425 1.75) (layers B.Cu B.Paste B.Mask) (roundrect_rratio 0.175439)
      (net 1 GND))
    (pad 2 smd roundrect (at 1.4875 0 90) (size 1.425 1.75) (layers B.Cu B.Paste B.Mask) (roundrect_rratio 0.175439)
      (net 11 +5V))
    (model ${KISYS3DMOD}/Capacitor_SMD.3dshapes/C_1206_3216Metric.wrl
      (at (xyz 0 0 0))
      (scale (xyz 1 1 1))
      (rotate (xyz 0 0 0))
    )
  )

  (module Capacitor_SMD:C_1206_3216Metric_Pad1.42x1.75mm_HandSolder (layer B.Cu) (tedit 5CA4CDA1) (tstamp 5C9143A6)
    (at 139.025 104.225 90)
    (descr "Capacitor SMD 1206 (3216 Metric), square (rectangular) end terminal, IPC_7351 nominal with elongated pad for handsoldering. (Body size source: http://www.tortai-tech.com/upload/download/2011102023233369053.pdf), generated with kicad-footprint-generator")
    (tags "capacitor handsolder")
    (path /59614F92)
    (attr smd)
    (fp_text reference C3 (at 0 0.05 90) (layer B.SilkS)
      (effects (font (size 0.6 0.6) (thickness 0.08)) (justify mirror))
    )
    (fp_text value 22nF (at 0 -1.82 90) (layer B.Fab)
      (effects (font (size 1 1) (thickness 0.15)) (justify mirror))
    )
    (fp_text user %R (at 0 0 90) (layer B.Fab)
      (effects (font (size 0.8 0.8) (thickness 0.12)) (justify mirror))
    )
    (fp_line (start 2.45 -1.12) (end -2.45 -1.12) (layer B.CrtYd) (width 0.05))
    (fp_line (start 2.45 1.12) (end 2.45 -1.12) (layer B.CrtYd) (width 0.05))
    (fp_line (start -2.45 1.12) (end 2.45 1.12) (layer B.CrtYd) (width 0.05))
    (fp_line (start -2.45 -1.12) (end -2.45 1.12) (layer B.CrtYd) (width 0.05))
    (fp_line (start -0.602064 -0.91) (end 0.602064 -0.91) (layer B.SilkS) (width 0.12))
    (fp_line (start -0.602064 0.91) (end 0.602064 0.91) (layer B.SilkS) (width 0.12))
    (fp_line (start 1.6 -0.8) (end -1.6 -0.8) (layer B.Fab) (width 0.1))
    (fp_line (start 1.6 0.8) (end 1.6 -0.8) (layer B.Fab) (width 0.1))
    (fp_line (start -1.6 0.8) (end 1.6 0.8) (layer B.Fab) (width 0.1))
    (fp_line (start -1.6 -0.8) (end -1.6 0.8) (layer B.Fab) (width 0.1))
    (pad 2 smd roundrect (at 1.4875 0 90) (size 1.425 1.75) (layers B.Cu B.Paste B.Mask) (roundrect_rratio 0.175439)
      (net 1 GND))
    (pad 1 smd roundrect (at -1.4875 0 90) (size 1.425 1.75) (layers B.Cu B.Paste B.Mask) (roundrect_rratio 0.175439)
      (net 23 "Net-(C3-Pad1)"))
    (model ${KISYS3DMOD}/Capacitor_SMD.3dshapes/C_1206_3216Metric.wrl
      (at (xyz 0 0 0))
      (scale (xyz 1 1 1))
      (rotate (xyz 0 0 0))
    )
  )

  (module Capacitor_SMD:C_1206_3216Metric_Pad1.42x1.75mm_HandSolder (layer F.Cu) (tedit 5CA4C8AF) (tstamp 5CA4C9AF)
    (at 141.5 112.975 270)
    (descr "Capacitor SMD 1206 (3216 Metric), square (rectangular) end terminal, IPC_7351 nominal with elongated pad for handsoldering. (Body size source: http://www.tortai-tech.com/upload/download/2011102023233369053.pdf), generated with kicad-footprint-generator")
    (tags "capacitor handsolder")
    (path /59612EAC)
    (attr smd)
    (fp_text reference C4 (at 0 -0.05 270) (layer F.SilkS)
      (effects (font (size 0.6 0.6) (thickness 0.1)))
    )
    (fp_text value 22pF (at 0 1.82 270) (layer F.Fab)
      (effects (font (size 1 1) (thickness 0.15)))
    )
    (fp_line (start -1.6 0.8) (end -1.6 -0.8) (layer F.Fab) (width 0.1))
    (fp_line (start -1.6 -0.8) (end 1.6 -0.8) (layer F.Fab) (width 0.1))
    (fp_line (start 1.6 -0.8) (end 1.6 0.8) (layer F.Fab) (width 0.1))
    (fp_line (start 1.6 0.8) (end -1.6 0.8) (layer F.Fab) (width 0.1))
    (fp_line (start -0.602064 -0.91) (end 0.602064 -0.91) (layer F.SilkS) (width 0.12))
    (fp_line (start -0.602064 0.91) (end 0.602064 0.91) (layer F.SilkS) (width 0.12))
    (fp_line (start -2.45 1.12) (end -2.45 -1.12) (layer F.CrtYd) (width 0.05))
    (fp_line (start -2.45 -1.12) (end 2.45 -1.12) (layer F.CrtYd) (width 0.05))
    (fp_line (start 2.45 -1.12) (end 2.45 1.12) (layer F.CrtYd) (width 0.05))
    (fp_line (start 2.45 1.12) (end -2.45 1.12) (layer F.CrtYd) (width 0.05))
    (fp_text user %R (at 0 0 270) (layer F.Fab)
      (effects (font (size 0.8 0.8) (thickness 0.12)))
    )
    (pad 1 smd roundrect (at -1.4875 0 270) (size 1.425 1.75) (layers F.Cu F.Paste F.Mask) (roundrect_rratio 0.175439)
      (net 21 /XI))
    (pad 2 smd roundrect (at 1.4875 0 270) (size 1.425 1.75) (layers F.Cu F.Paste F.Mask) (roundrect_rratio 0.175439)
      (net 1 GND))
    (model ${KISYS3DMOD}/Capacitor_SMD.3dshapes/C_1206_3216Metric.wrl
      (at (xyz 0 0 0))
      (scale (xyz 1 1 1))
      (rotate (xyz 0 0 0))
    )
  )

  (module Capacitor_SMD:C_1206_3216Metric_Pad1.42x1.75mm_HandSolder (layer F.Cu) (tedit 5CA4C8A6) (tstamp 5CA4E50A)
    (at 134.4 113 270)
    (descr "Capacitor SMD 1206 (3216 Metric), square (rectangular) end terminal, IPC_7351 nominal with elongated pad for handsoldering. (Body size source: http://www.tortai-tech.com/upload/download/2011102023233369053.pdf), generated with kicad-footprint-generator")
    (tags "capacitor handsolder")
    (path /59612F8C)
    (attr smd)
    (fp_text reference C5 (at 0.05 -0.1 270) (layer F.SilkS)
      (effects (font (size 0.6 0.6) (thickness 0.1)))
    )
    (fp_text value 22pF (at 0 1.82 270) (layer F.Fab)
      (effects (font (size 1 1) (thickness 0.15)))
    )
    (fp_line (start -1.6 0.8) (end -1.6 -0.8) (layer F.Fab) (width 0.1))
    (fp_line (start -1.6 -0.8) (end 1.6 -0.8) (layer F.Fab) (width 0.1))
    (fp_line (start 1.6 -0.8) (end 1.6 0.8) (layer F.Fab) (width 0.1))
    (fp_line (start 1.6 0.8) (end -1.6 0.8) (layer F.Fab) (width 0.1))
    (fp_line (start -0.602064 -0.91) (end 0.602064 -0.91) (layer F.SilkS) (width 0.12))
    (fp_line (start -0.602064 0.91) (end 0.602064 0.91) (layer F.SilkS) (width 0.12))
    (fp_line (start -2.45 1.12) (end -2.45 -1.12) (layer F.CrtYd) (width 0.05))
    (fp_line (start -2.45 -1.12) (end 2.45 -1.12) (layer F.CrtYd) (width 0.05))
    (fp_line (start 2.45 -1.12) (end 2.45 1.12) (layer F.CrtYd) (width 0.05))
    (fp_line (start 2.45 1.12) (end -2.45 1.12) (layer F.CrtYd) (width 0.05))
    (fp_text user %R (at 0 0 270) (layer F.Fab)
      (effects (font (size 0.8 0.8) (thickness 0.12)))
    )
    (pad 1 smd roundrect (at -1.4875 0 270) (size 1.425 1.75) (layers F.Cu F.Paste F.Mask) (roundrect_rratio 0.175439)
      (net 22 /XO))
    (pad 2 smd roundrect (at 1.4875 0 270) (size 1.425 1.75) (layers F.Cu F.Paste F.Mask) (roundrect_rratio 0.175439)
      (net 1 GND))
    (model ${KISYS3DMOD}/Capacitor_SMD.3dshapes/C_1206_3216Metric.wrl
      (at (xyz 0 0 0))
      (scale (xyz 1 1 1))
      (rotate (xyz 0 0 0))
    )
  )

  (module Capacitor_SMD:C_1206_3216Metric_Pad1.42x1.75mm_HandSolder (layer B.Cu) (tedit 5CA4CE51) (tstamp 5CA4E0B5)
    (at 161.85 96.225 270)
    (descr "Capacitor SMD 1206 (3216 Metric), square (rectangular) end terminal, IPC_7351 nominal with elongated pad for handsoldering. (Body size source: http://www.tortai-tech.com/upload/download/2011102023233369053.pdf), generated with kicad-footprint-generator")
    (tags "capacitor handsolder")
    (path /5961BFCD)
    (attr smd)
    (fp_text reference C6 (at -0.05 0.15 270) (layer B.SilkS)
      (effects (font (size 0.6 0.6) (thickness 0.08)) (justify mirror))
    )
    (fp_text value 100nF (at 0 -1.82 270) (layer B.Fab)
      (effects (font (size 1 1) (thickness 0.15)) (justify mirror))
    )
    (fp_text user %R (at 0 0 270) (layer B.Fab)
      (effects (font (size 0.8 0.8) (thickness 0.12)) (justify mirror))
    )
    (fp_line (start 2.45 -1.12) (end -2.45 -1.12) (layer B.CrtYd) (width 0.05))
    (fp_line (start 2.45 1.12) (end 2.45 -1.12) (layer B.CrtYd) (width 0.05))
    (fp_line (start -2.45 1.12) (end 2.45 1.12) (layer B.CrtYd) (width 0.05))
    (fp_line (start -2.45 -1.12) (end -2.45 1.12) (layer B.CrtYd) (width 0.05))
    (fp_line (start -0.602064 -0.91) (end 0.602064 -0.91) (layer B.SilkS) (width 0.12))
    (fp_line (start -0.602064 0.91) (end 0.602064 0.91) (layer B.SilkS) (width 0.12))
    (fp_line (start 1.6 -0.8) (end -1.6 -0.8) (layer B.Fab) (width 0.1))
    (fp_line (start 1.6 0.8) (end 1.6 -0.8) (layer B.Fab) (width 0.1))
    (fp_line (start -1.6 0.8) (end 1.6 0.8) (layer B.Fab) (width 0.1))
    (fp_line (start -1.6 -0.8) (end -1.6 0.8) (layer B.Fab) (width 0.1))
    (pad 2 smd roundrect (at 1.4875 0 270) (size 1.425 1.75) (layers B.Cu B.Paste B.Mask) (roundrect_rratio 0.175439)
      (net 12 +3V3))
    (pad 1 smd roundrect (at -1.4875 0 270) (size 1.425 1.75) (layers B.Cu B.Paste B.Mask) (roundrect_rratio 0.175439)
      (net 1 GND))
    (model ${KISYS3DMOD}/Capacitor_SMD.3dshapes/C_1206_3216Metric.wrl
      (at (xyz 0 0 0))
      (scale (xyz 1 1 1))
      (rotate (xyz 0 0 0))
    )
  )

  (module Capacitor_SMD:C_1206_3216Metric_Pad1.42x1.75mm_HandSolder (layer B.Cu) (tedit 5CA4CC73) (tstamp 5C9143E6)
    (at 150.4 95.25 270)
    (descr "Capacitor SMD 1206 (3216 Metric), square (rectangular) end terminal, IPC_7351 nominal with elongated pad for handsoldering. (Body size source: http://www.tortai-tech.com/upload/download/2011102023233369053.pdf), generated with kicad-footprint-generator")
    (tags "capacitor handsolder")
    (path /59615DF5)
    (attr smd)
    (fp_text reference C7 (at -0.05 0 270) (layer B.SilkS)
      (effects (font (size 0.6 0.6) (thickness 0.08)) (justify mirror))
    )
    (fp_text value 1uF (at 0 -1.82 270) (layer B.Fab)
      (effects (font (size 1 1) (thickness 0.15)) (justify mirror))
    )
    (fp_line (start -1.6 -0.8) (end -1.6 0.8) (layer B.Fab) (width 0.1))
    (fp_line (start -1.6 0.8) (end 1.6 0.8) (layer B.Fab) (width 0.1))
    (fp_line (start 1.6 0.8) (end 1.6 -0.8) (layer B.Fab) (width 0.1))
    (fp_line (start 1.6 -0.8) (end -1.6 -0.8) (layer B.Fab) (width 0.1))
    (fp_line (start -0.602064 0.91) (end 0.602064 0.91) (layer B.SilkS) (width 0.12))
    (fp_line (start -0.602064 -0.91) (end 0.602064 -0.91) (layer B.SilkS) (width 0.12))
    (fp_line (start -2.45 -1.12) (end -2.45 1.12) (layer B.CrtYd) (width 0.05))
    (fp_line (start -2.45 1.12) (end 2.45 1.12) (layer B.CrtYd) (width 0.05))
    (fp_line (start 2.45 1.12) (end 2.45 -1.12) (layer B.CrtYd) (width 0.05))
    (fp_line (start 2.45 -1.12) (end -2.45 -1.12) (layer B.CrtYd) (width 0.05))
    (fp_text user %R (at 0 0 270) (layer B.Fab)
      (effects (font (size 0.8 0.8) (thickness 0.12)) (justify mirror))
    )
    (pad 1 smd roundrect (at -1.4875 0 270) (size 1.425 1.75) (layers B.Cu B.Paste B.Mask) (roundrect_rratio 0.175439)
      (net 1 GND))
    (pad 2 smd roundrect (at 1.4875 0 270) (size 1.425 1.75) (layers B.Cu B.Paste B.Mask) (roundrect_rratio 0.175439)
      (net 20 "Net-(C7-Pad2)"))
    (model ${KISYS3DMOD}/Capacitor_SMD.3dshapes/C_1206_3216Metric.wrl
      (at (xyz 0 0 0))
      (scale (xyz 1 1 1))
      (rotate (xyz 0 0 0))
    )
  )

  (module Capacitor_SMD:C_1206_3216Metric_Pad1.42x1.75mm_HandSolder (layer B.Cu) (tedit 5CA4CC4F) (tstamp 5C9143F6)
    (at 150.4 104.4 270)
    (descr "Capacitor SMD 1206 (3216 Metric), square (rectangular) end terminal, IPC_7351 nominal with elongated pad for handsoldering. (Body size source: http://www.tortai-tech.com/upload/download/2011102023233369053.pdf), generated with kicad-footprint-generator")
    (tags "capacitor handsolder")
    (path /59C67224)
    (attr smd)
    (fp_text reference C8 (at 0 -0.1 270) (layer B.SilkS)
      (effects (font (size 0.6 0.6) (thickness 0.1)) (justify mirror))
    )
    (fp_text value 220uF (at 0 -1.82 270) (layer B.Fab)
      (effects (font (size 1 1) (thickness 0.15)) (justify mirror))
    )
    (fp_text user %R (at 0 0 270) (layer B.Fab)
      (effects (font (size 0.8 0.8) (thickness 0.12)) (justify mirror))
    )
    (fp_line (start 2.45 -1.12) (end -2.45 -1.12) (layer B.CrtYd) (width 0.05))
    (fp_line (start 2.45 1.12) (end 2.45 -1.12) (layer B.CrtYd) (width 0.05))
    (fp_line (start -2.45 1.12) (end 2.45 1.12) (layer B.CrtYd) (width 0.05))
    (fp_line (start -2.45 -1.12) (end -2.45 1.12) (layer B.CrtYd) (width 0.05))
    (fp_line (start -0.602064 -0.91) (end 0.602064 -0.91) (layer B.SilkS) (width 0.12))
    (fp_line (start -0.602064 0.91) (end 0.602064 0.91) (layer B.SilkS) (width 0.12))
    (fp_line (start 1.6 -0.8) (end -1.6 -0.8) (layer B.Fab) (width 0.1))
    (fp_line (start 1.6 0.8) (end 1.6 -0.8) (layer B.Fab) (width 0.1))
    (fp_line (start -1.6 0.8) (end 1.6 0.8) (layer B.Fab) (width 0.1))
    (fp_line (start -1.6 -0.8) (end -1.6 0.8) (layer B.Fab) (width 0.1))
    (pad 2 smd roundrect (at 1.4875 0 270) (size 1.425 1.75) (layers B.Cu B.Paste B.Mask) (roundrect_rratio 0.175439)
      (net 1 GND))
    (pad 1 smd roundrect (at -1.4875 0 270) (size 1.425 1.75) (layers B.Cu B.Paste B.Mask) (roundrect_rratio 0.175439)
      (net 24 "Net-(C8-Pad1)"))
    (model ${KISYS3DMOD}/Capacitor_SMD.3dshapes/C_1206_3216Metric.wrl
      (at (xyz 0 0 0))
      (scale (xyz 1 1 1))
      (rotate (xyz 0 0 0))
    )
  )

  (module Capacitor_SMD:C_1206_3216Metric_Pad1.42x1.75mm_HandSolder (layer B.Cu) (tedit 5CA4CCC1) (tstamp 5C82B92F)
    (at 159.35 96.175 90)
    (descr "Capacitor SMD 1206 (3216 Metric), square (rectangular) end terminal, IPC_7351 nominal with elongated pad for handsoldering. (Body size source: http://www.tortai-tech.com/upload/download/2011102023233369053.pdf), generated with kicad-footprint-generator")
    (tags "capacitor handsolder")
    (path /5961DD94)
    (attr smd)
    (fp_text reference C9 (at -0.05 -0.05 90) (layer B.SilkS)
      (effects (font (size 0.6 0.6) (thickness 0.08)) (justify mirror))
    )
    (fp_text value 220uF (at 0 -1.82 90) (layer B.Fab)
      (effects (font (size 1 1) (thickness 0.15)) (justify mirror))
    )
    (fp_line (start -1.6 -0.8) (end -1.6 0.8) (layer B.Fab) (width 0.1))
    (fp_line (start -1.6 0.8) (end 1.6 0.8) (layer B.Fab) (width 0.1))
    (fp_line (start 1.6 0.8) (end 1.6 -0.8) (layer B.Fab) (width 0.1))
    (fp_line (start 1.6 -0.8) (end -1.6 -0.8) (layer B.Fab) (width 0.1))
    (fp_line (start -0.602064 0.91) (end 0.602064 0.91) (layer B.SilkS) (width 0.12))
    (fp_line (start -0.602064 -0.91) (end 0.602064 -0.91) (layer B.SilkS) (width 0.12))
    (fp_line (start -2.45 -1.12) (end -2.45 1.12) (layer B.CrtYd) (width 0.05))
    (fp_line (start -2.45 1.12) (end 2.45 1.12) (layer B.CrtYd) (width 0.05))
    (fp_line (start 2.45 1.12) (end 2.45 -1.12) (layer B.CrtYd) (width 0.05))
    (fp_line (start 2.45 -1.12) (end -2.45 -1.12) (layer B.CrtYd) (width 0.05))
    (fp_text user %R (at 0 0 90) (layer B.Fab)
      (effects (font (size 0.8 0.8) (thickness 0.12)) (justify mirror))
    )
    (pad 1 smd roundrect (at -1.4875 0 90) (size 1.425 1.75) (layers B.Cu B.Paste B.Mask) (roundrect_rratio 0.175439)
      (net 12 +3V3))
    (pad 2 smd roundrect (at 1.4875 0 90) (size 1.425 1.75) (layers B.Cu B.Paste B.Mask) (roundrect_rratio 0.175439)
      (net 1 GND))
    (model ${KISYS3DMOD}/Capacitor_SMD.3dshapes/C_1206_3216Metric.wrl
      (at (xyz 0 0 0))
      (scale (xyz 1 1 1))
      (rotate (xyz 0 0 0))
    )
  )

  (module Diode_SMD:D_SOD-523 (layer F.Cu) (tedit 5CA4C94F) (tstamp 5C914641)
    (at 148.35 91.6 180)
    (descr "http://www.diodes.com/datasheets/ap02001.pdf p.144")
    (tags "Diode SOD523")
    (path /5A7B6D18)
    (attr smd)
    (fp_text reference "" (at 0 -1.3 180) (layer F.SilkS)
      (effects (font (size 0.4 0.4) (thickness 0.1)))
    )
    (fp_text value D_Schottky (at 0 1.4 180) (layer F.Fab)
      (effects (font (size 1 1) (thickness 0.15)))
    )
    (fp_text user %R (at 0 -1.3 180) (layer F.Fab)
      (effects (font (size 1 1) (thickness 0.15)))
    )
    (fp_line (start -1.15 -0.6) (end -1.15 0.6) (layer F.SilkS) (width 0.12))
    (fp_line (start 1.25 -0.7) (end 1.25 0.7) (layer F.CrtYd) (width 0.05))
    (fp_line (start -1.25 -0.7) (end 1.25 -0.7) (layer F.CrtYd) (width 0.05))
    (fp_line (start -1.25 0.7) (end -1.25 -0.7) (layer F.CrtYd) (width 0.05))
    (fp_line (start 1.25 0.7) (end -1.25 0.7) (layer F.CrtYd) (width 0.05))
    (fp_line (start 0.1 0) (end 0.25 0) (layer F.Fab) (width 0.1))
    (fp_line (start 0.1 -0.2) (end -0.2 0) (layer F.Fab) (width 0.1))
    (fp_line (start 0.1 0.2) (end 0.1 -0.2) (layer F.Fab) (width 0.1))
    (fp_line (start -0.2 0) (end 0.1 0.2) (layer F.Fab) (width 0.1))
    (fp_line (start -0.2 0) (end -0.35 0) (layer F.Fab) (width 0.1))
    (fp_line (start -0.2 0.2) (end -0.2 -0.2) (layer F.Fab) (width 0.1))
    (fp_line (start 0.65 -0.45) (end 0.65 0.45) (layer F.Fab) (width 0.1))
    (fp_line (start -0.65 -0.45) (end 0.65 -0.45) (layer F.Fab) (width 0.1))
    (fp_line (start -0.65 0.45) (end -0.65 -0.45) (layer F.Fab) (width 0.1))
    (fp_line (start 0.65 0.45) (end -0.65 0.45) (layer F.Fab) (width 0.1))
    (fp_line (start 0.7 -0.6) (end -1.15 -0.6) (layer F.SilkS) (width 0.12))
    (fp_line (start 0.7 0.6) (end -1.15 0.6) (layer F.SilkS) (width 0.12))
    (pad 2 smd rect (at 0.7 0) (size 0.6 0.7) (layers F.Cu F.Paste F.Mask)
      (net 11 +5V))
    (pad 1 smd rect (at -0.7 0) (size 0.6 0.7) (layers F.Cu F.Paste F.Mask)
      (net 24 "Net-(C8-Pad1)"))
    (model ${KISYS3DMOD}/Diode_SMD.3dshapes/D_SOD-523.wrl
      (at (xyz 0 0 0))
      (scale (xyz 1 1 1))
      (rotate (xyz 0 0 0))
    )
  )

  (module Connector_PinHeader_2.54mm:PinHeader_1x08_P2.54mm_Vertical (layer B.Cu) (tedit 5CA5A384) (tstamp 5C914437)
    (at 152.654 91.821 270)
    (descr "Through hole straight pin header, 1x08, 2.54mm pitch, single row")
    (tags "Through hole pin header THT 1x08 2.54mm single row")
    (path /59CC25B5)
    (fp_text reference "" (at 0 2.33 270) (layer B.SilkS)
      (effects (font (size 1 1) (thickness 0.15)) (justify mirror))
    )
    (fp_text value Conn_01x08 (at 0 -20.11 270) (layer B.Fab)
      (effects (font (size 1 1) (thickness 0.15)) (justify mirror))
    )
    (fp_text user %R (at 0 -8.89 180) (layer B.Fab)
      (effects (font (size 1 1) (thickness 0.15)) (justify mirror))
    )
    (fp_line (start 1.8 1.8) (end -1.8 1.8) (layer B.CrtYd) (width 0.05))
    (fp_line (start 1.8 -19.55) (end 1.8 1.8) (layer B.CrtYd) (width 0.05))
    (fp_line (start -1.8 -19.55) (end 1.8 -19.55) (layer B.CrtYd) (width 0.05))
    (fp_line (start -1.8 1.8) (end -1.8 -19.55) (layer B.CrtYd) (width 0.05))
    (fp_line (start -1.33 1.33) (end 0 1.33) (layer B.SilkS) (width 0.12))
    (fp_line (start -1.33 0) (end -1.33 1.33) (layer B.SilkS) (width 0.12))
    (fp_line (start -1.33 -1.27) (end 1.33 -1.27) (layer B.SilkS) (width 0.12))
    (fp_line (start 1.33 -1.27) (end 1.33 -19.11) (layer B.SilkS) (width 0.12))
    (fp_line (start -1.33 -1.27) (end -1.33 -19.11) (layer B.SilkS) (width 0.12))
    (fp_line (start -1.33 -19.11) (end 1.33 -19.11) (layer B.SilkS) (width 0.12))
    (fp_line (start -1.27 0.635) (end -0.635 1.27) (layer B.Fab) (width 0.1))
    (fp_line (start -1.27 -19.05) (end -1.27 0.635) (layer B.Fab) (width 0.1))
    (fp_line (start 1.27 -19.05) (end -1.27 -19.05) (layer B.Fab) (width 0.1))
    (fp_line (start 1.27 1.27) (end 1.27 -19.05) (layer B.Fab) (width 0.1))
    (fp_line (start -0.635 1.27) (end 1.27 1.27) (layer B.Fab) (width 0.1))
    (pad 8 thru_hole oval (at 0 -17.78 270) (size 1.7 1.7) (drill 1) (layers *.Cu *.Mask)
      (net 13 /GPIO16))
    (pad 7 thru_hole oval (at 0 -15.24 270) (size 1.7 1.7) (drill 1) (layers *.Cu *.Mask)
      (net 17 /ADC))
    (pad 6 thru_hole oval (at 0 -12.7 270) (size 1.7 1.7) (drill 1) (layers *.Cu *.Mask)
      (net 5 /CH_PD))
    (pad 5 thru_hole oval (at 0 -10.16 270) (size 1.7 1.7) (drill 1) (layers *.Cu *.Mask)
      (net 13 /GPIO16))
    (pad 4 thru_hole oval (at 0 -7.62 270) (size 1.7 1.7) (drill 1) (layers *.Cu *.Mask)
      (net 16 /GPIO14))
    (pad 3 thru_hole oval (at 0 -5.08 270) (size 1.7 1.7) (drill 1) (layers *.Cu *.Mask)
      (net 15 /GPIO12))
    (pad 2 thru_hole oval (at 0 -2.54 270) (size 1.7 1.7) (drill 1) (layers *.Cu *.Mask)
      (net 14 /GPIO13))
    (pad 1 thru_hole rect (at 0 0 270) (size 1.7 1.7) (drill 1) (layers *.Cu *.Mask)
      (net 12 +3V3))
    (model ${KISYS3DMOD}/Connector_PinHeader_2.54mm.3dshapes/PinHeader_1x08_P2.54mm_Vertical.wrl
      (at (xyz 0 0 0))
      (scale (xyz 1 1 1))
      (rotate (xyz 0 0 0))
    )
  )

  (module Connector_PinHeader_2.54mm:PinHeader_1x08_P2.54mm_Vertical (layer B.Cu) (tedit 59FED5CC) (tstamp 5C914452)
    (at 170.18 114.808 90)
    (descr "Through hole straight pin header, 1x08, 2.54mm pitch, single row")
    (tags "Through hole pin header THT 1x08 2.54mm single row")
    (path /59CC2428)
    (fp_text reference J3 (at 0 2.33 90) (layer B.SilkS)
      (effects (font (size 1 1) (thickness 0.15)) (justify mirror))
    )
    (fp_text value Conn_01x08 (at 0 -20.11 90) (layer B.Fab)
      (effects (font (size 1 1) (thickness 0.15)) (justify mirror))
    )
    (fp_line (start -0.635 1.27) (end 1.27 1.27) (layer B.Fab) (width 0.1))
    (fp_line (start 1.27 1.27) (end 1.27 -19.05) (layer B.Fab) (width 0.1))
    (fp_line (start 1.27 -19.05) (end -1.27 -19.05) (layer B.Fab) (width 0.1))
    (fp_line (start -1.27 -19.05) (end -1.27 0.635) (layer B.Fab) (width 0.1))
    (fp_line (start -1.27 0.635) (end -0.635 1.27) (layer B.Fab) (width 0.1))
    (fp_line (start -1.33 -19.11) (end 1.33 -19.11) (layer B.SilkS) (width 0.12))
    (fp_line (start -1.33 -1.27) (end -1.33 -19.11) (layer B.SilkS) (width 0.12))
    (fp_line (start 1.33 -1.27) (end 1.33 -19.11) (layer B.SilkS) (width 0.12))
    (fp_line (start -1.33 -1.27) (end 1.33 -1.27) (layer B.SilkS) (width 0.12))
    (fp_line (start -1.33 0) (end -1.33 1.33) (layer B.SilkS) (width 0.12))
    (fp_line (start -1.33 1.33) (end 0 1.33) (layer B.SilkS) (width 0.12))
    (fp_line (start -1.8 1.8) (end -1.8 -19.55) (layer B.CrtYd) (width 0.05))
    (fp_line (start -1.8 -19.55) (end 1.8 -19.55) (layer B.CrtYd) (width 0.05))
    (fp_line (start 1.8 -19.55) (end 1.8 1.8) (layer B.CrtYd) (width 0.05))
    (fp_line (start 1.8 1.8) (end -1.8 1.8) (layer B.CrtYd) (width 0.05))
    (fp_text user %R (at 0 -8.89) (layer B.Fab)
      (effects (font (size 1 1) (thickness 0.15)) (justify mirror))
    )
    (pad 1 thru_hole rect (at 0 0 90) (size 1.7 1.7) (drill 1) (layers *.Cu *.Mask)
      (net 10 /TXD))
    (pad 2 thru_hole oval (at 0 -2.54 90) (size 1.7 1.7) (drill 1) (layers *.Cu *.Mask)
      (net 9 /RXD))
    (pad 3 thru_hole oval (at 0 -5.08 90) (size 1.7 1.7) (drill 1) (layers *.Cu *.Mask)
      (net 18 /GPIO5))
    (pad 4 thru_hole oval (at 0 -7.62 90) (size 1.7 1.7) (drill 1) (layers *.Cu *.Mask)
      (net 19 /GPIO4))
    (pad 5 thru_hole oval (at 0 -10.16 90) (size 1.7 1.7) (drill 1) (layers *.Cu *.Mask)
      (net 8 /GPIO0))
    (pad 6 thru_hole oval (at 0 -12.7 90) (size 1.7 1.7) (drill 1) (layers *.Cu *.Mask)
      (net 7 /GPIO2))
    (pad 7 thru_hole oval (at 0 -15.24 90) (size 1.7 1.7) (drill 1) (layers *.Cu *.Mask)
      (net 6 /GPIO15))
    (pad 8 thru_hole oval (at 0 -17.78 90) (size 1.7 1.7) (drill 1) (layers *.Cu *.Mask)
      (net 1 GND))
    (model ${KISYS3DMOD}/Connector_PinHeader_2.54mm.3dshapes/PinHeader_1x08_P2.54mm_Vertical.wrl
      (at (xyz 0 0 0))
      (scale (xyz 1 1 1))
      (rotate (xyz 0 0 0))
    )
  )

  (module Connector_PinHeader_2.54mm:PinHeader_1x02_P2.54mm_Vertical (layer F.Cu) (tedit 5CA4C876) (tstamp 5C9157C8)
    (at 144.78 114.3 90)
    (descr "Through hole straight pin header, 1x02, 2.54mm pitch, single row")
    (tags "Through hole pin header THT 1x02 2.54mm single row")
    (path /59610601)
    (fp_text reference TRIG (at 0 4.82 270) (layer F.SilkS)
      (effects (font (size 1 1) (thickness 0.05)))
    )
    (fp_text value EXTERNAL_TRIGGER (at 0 4.87 90) (layer F.Fab)
      (effects (font (size 1 1) (thickness 0.15)))
    )
    (fp_line (start -0.635 -1.27) (end 1.27 -1.27) (layer F.Fab) (width 0.1))
    (fp_line (start 1.27 -1.27) (end 1.27 3.81) (layer F.Fab) (width 0.1))
    (fp_line (start 1.27 3.81) (end -1.27 3.81) (layer F.Fab) (width 0.1))
    (fp_line (start -1.27 3.81) (end -1.27 -0.635) (layer F.Fab) (width 0.1))
    (fp_line (start -1.27 -0.635) (end -0.635 -1.27) (layer F.Fab) (width 0.1))
    (fp_line (start -1.33 3.87) (end 1.33 3.87) (layer F.SilkS) (width 0.12))
    (fp_line (start -1.33 1.27) (end -1.33 3.87) (layer F.SilkS) (width 0.12))
    (fp_line (start 1.33 1.27) (end 1.33 3.87) (layer F.SilkS) (width 0.12))
    (fp_line (start -1.33 1.27) (end 1.33 1.27) (layer F.SilkS) (width 0.12))
    (fp_line (start -1.33 0) (end -1.33 -1.33) (layer F.SilkS) (width 0.12))
    (fp_line (start -1.33 -1.33) (end 0 -1.33) (layer F.SilkS) (width 0.12))
    (fp_line (start -1.8 -1.8) (end -1.8 4.35) (layer F.CrtYd) (width 0.05))
    (fp_line (start -1.8 4.35) (end 1.8 4.35) (layer F.CrtYd) (width 0.05))
    (fp_line (start 1.8 4.35) (end 1.8 -1.8) (layer F.CrtYd) (width 0.05))
    (fp_line (start 1.8 -1.8) (end -1.8 -1.8) (layer F.CrtYd) (width 0.05))
    (fp_text user %R (at 0 1.27 180) (layer F.Fab)
      (effects (font (size 1 1) (thickness 0.15)))
    )
    (pad 1 thru_hole rect (at 0 0 90) (size 1.7 1.7) (drill 1) (layers *.Cu *.Mask)
      (net 1 GND))
    (pad 2 thru_hole oval (at 0 2.54 90) (size 1.7 1.7) (drill 1) (layers *.Cu *.Mask)
      (net 13 /GPIO16))
    (model ${KISYS3DMOD}/Connector_PinHeader_2.54mm.3dshapes/PinHeader_1x02_P2.54mm_Vertical.wrl
      (at (xyz 0 0 0))
      (scale (xyz 1 1 1))
      (rotate (xyz 0 0 0))
    )
  )

  (module Resistor_SMD:R_1206_3216Metric_Pad1.42x1.75mm_HandSolder (layer B.Cu) (tedit 5CA4CCAE) (tstamp 5C91460A)
    (at 147.85 95.25 90)
    (descr "Resistor SMD 1206 (3216 Metric), square (rectangular) end terminal, IPC_7351 nominal with elongated pad for handsoldering. (Body size source: http://www.tortai-tech.com/upload/download/2011102023233369053.pdf), generated with kicad-footprint-generator")
    (tags "resistor handsolder")
    (path /5961A3A6)
